34,0
29,14
29,11
29,10
29,6
29,5
29,4
29,3
29,0
28,5
28,4
28,3
28,0
27,5
27,4
27,3
27,0
26,5
26,4
26,3
26,0
24,4
24,3
24,0
23,3
23,0
22,5
22,4
22,3
22,0
21,6
21,3
21,0
20,5
20,4
20,3
20,0
17,7
17,3
17,0
16,3
16,0
15,4
15,3
15,0
13,3
13,0
12,4
12,3
12,0
11,25
11,24
11,22
11,20
11,19
11,17
11,16
11,14
11,12
11,11
11,9
11,8
10,24
10,23
10,21
10,19
10,18
10,16
10,15
10,13
10,11
10,10
10,8
10,7
9,25
9,24
9,23
9,22
9,21
9,20
9,19
9,18
9,17
9,16
9,15
9,14
9,13
9,12
9,11
9,10
9,9
9,8
9,7
9,6
9,5
9,4
9,3
9,2
9,0
8,9
8,8
8,7
8,6
8,5
8,4
8,3
8,0
7,3
5,128
5,121
5,120
5,118
5,117
5,116
5,115
5,114
5,111
5,110
5,109
5,107
5,106
5,103
5,102
5,100
5,99
5,96
5,95
5,94
5,92
5,91
5,89
5,88
5,87
5,86
5,85
5,84
5,83
5,82
5,81
5,80
5,79
5,78
5,77
5,76
5,75
5,74
5,73
5,72
5,71
5,70
5,68
5,67
5,66
5,64
5,35
5,34
5,33
5,32
5,31
5,29
5,28
5,26
5,25
5,24
5,23
5,21
5,19
5,18
5,17
5,16
5,15
5,11
5,10
5,9
5,8
5,7
5,6
5,5
5,4
5,3
4,9
4,8
4,7
4,6
4,5
4,4
4,3
3,2
2,2
1,2
0,227
0,225
0,222
0,219
0,216
0,215
0,213
0,207
0,206
0,203
0,202
0,201
0,200
0,198
0,197
0,196
0,192
0,63
0,61
0,60
0,59
0,57
0,55
0,52
0,51
34,3
34,4
34,6
35,0
35,4
35,6
36,0
36,5
37,0
38,0
38,3
40,0
40,4
40,5
41,3
41,4
41,6
41,7
42,3
42,5
42,6
43,3
43,6
44,3
44,5
45,0
45,4
46,0
46,4
47,0
47,3
47,5
47,6
47,8
48,0
48,3
48,5
48,6
48,8
48,9
48,11
48,12
48,14
48,16
48,17
49,0
49,2
49,4
50,0
50,3
50,5
52,0
52,4
61,3
61,5
62,2
62,3
62,5
62,6
64,3
64,5
64,6
64,8
64,9
64,11
69,0
69,3
69,7
69,10
70,3
70,4
70,6
70,9
70,10
70,13
70,14
70,18
70,21
70,22
70,25
70,26
70,29
70,30
70,32
70,34
70,35
70,37
70,38
70,40
71,0
71,3
71,6
72,0
72,4
73,3
74,0
75,0
75,3
84,0
84,3
85,0
86,0
86,3
108,3
108,4
108,8
109,3
109,5
121,3
121,5
123,3
123,4
125,0
125,4
126,0
129,0
129,3
129,5
131,3
136,0
137,0
137,3
138,3
138,5
138,9
139,3
141,0
145,0
145,3
146,0
146,3
146,4
146,6
146,7
147,3
147,4
150,0
150,4
150,6
150,8
150,9
150,11
150,13
150,14
150,16
151,5
153,0
154,0
154,3
155,3
157,0
158,0
158,3
159,3
166,3
167,0
182,0
182,3
184,3
185,0
185,3
185,5
185,6
186,2
186,3
186,5
186,7
186,8
186,10
186,11
186,13
186,16
186,24
186,34
186,35
186,47
186,49
186,51
186,68
186,69
186,71
186,72
186,74
186,76
186,77
186,79
186,80
186,82
186,84
186,85
194,0
194,3
195,0
195,3
197,3
208,3
209,1
209,4
210,0
210,3
210,6
211,0
211,4
211,5
212,1
212,3
212,5
213,2
213,3
214,0
214,2
214,4
214,6
215,0
215,3
215,4
216,0
216,1
216,3
216,5
217,0
217,2
217,3
217,5
218,0
218,1
218,3
218,4
219,1
219,3
219,6
220,2
220,4
221,1
221,3
221,6
222,2
222,3
223,1
223,2
223,5
224,2
224,3
225,0
225,2
225,5
226,1
226,4
226,7
226,9
227,2
227,3
228,1
228,5
229,0
229,3
229,5
230,2
230,4
231,1
231,4
232,1
232,4
232,5
233,0
233,3
233,4
234,3
234,4
235,2
235,4
235,7
236,2
236,4
237,2
237,4
238,0
238,3
238,4
239,1
239,2
239,5
240,2
240,3
240,6
241,0
241,3
241,5
242,1
242,4
242,6
243,1
243,2
244,2
245,0
245,1
245,4
246,1
246,4
247,1
247,4
248,1
248,3
249,0
249,1
250,0
250,3
250,4
251,3
251,4
252,1
252,3
252,6
253,2
254,0
254,3
255,0
255,3
256,1
256,3
257,2
257,3
257,6
258,3
259,0
259,3
260,1
260,4
261,1
262,0
262,3
262,5
263,2
263,3
264,2
265,0
265,1
265,4
266,1
266,4
266,6
267,2
268,0
268,2
269,0
269,2
270,0
270,3
270,4
271,3
271,4
272,2
272,4
273,2
274,0
274,2
275,0
275,2
276,0
276,3
277,0
277,3
277,4
278,2
278,4
279,2
280,0
280,2
280,5
281,1
281,4
282,2
282,4
283,1
283,2
284,1
284,4
285,0
285,4
286,0
286,3
287,0
287,3
288,0
288,2
288,5
288,7
289,1
289,4
289,5
290,1
290,2
290,5
290,7
291,2
291,5
292,1
292,4
292,6
293,2
293,5
294,0
294,3
295,0
295,4
295,5
295,8
296,2
296,4
296,7
297,1
297,4
298,2
298,4
299,2
299,3
300,2
300,5
300,6
301,2
301,3
301,6
302,0
302,3
302,6
302,8
303,2
303,4
304,2
305,0
305,2
305,5
305,6
306,2
306,4
307,2
307,5
308,1
308,4
309,0
309,3
310,0
310,2
311,0
311,1
312,0
312,1
312,4
313,1
313,3
313,6
314,1
314,4
315,1
315,3
315,6
316,0
316,4
316,5
317,1
317,5
318,0
318,3
319,0
319,3
320,1
320,3
320,6
321,0
321,3
321,6
321,8
322,1
322,2
322,5
323,0
323,3
323,6
324,1
324,4
324,6
325,2
325,5
325,7
326,2
326,3
327,2
327,3
327,6
328,2
328,3
328,6
329,1
329,4
330,2
330,4
331,0
331,2
332,0
332,1
332,4
333,3
333,4
334,1
334,3
335,2
336,0
336,2
336,5
336,7
337,1
337,4
338,0
338,3
338,4
339,2
339,4
340,2
341,0
341,2
342,0
342,2
342,5
343,2
343,4
343,7
344,0
344,4
344,5
345,2
346,0
346,1
346,4
346,6
347,2
347,5
348,0
348,3
349,0
349,3
349,4
350,2
350,6
351,0
351,3
352,0
352,3
352,6
353,0
353,3
354,0
354,3
354,4
355,1
355,3
355,4
356,0
356,1
356,3
356,5
357,0
357,2
357,3
358,0
358,2
358,3
359,0
359,1
359,3
359,4
360,0
360,2
360,3
360,5
360,6
361,1
361,3
361,4
362,0
362,1
362,3
362,4
363,1
363,3
363,4
363,6
364,0
364,2
364,4
364,5
364,7
364,8
365,1
365,2
365,4
366,0
366,1
366,3
366,4
367,1
367,3
367,4
368,1
368,2
368,4
369,0
369,1
369,3
369,4
370,1
370,2
370,4
371,1
371,2
371,4
372,0
372,2
372,4
372,5
373,1
373,2
373,4
373,5
374,0
374,2
374,3
374,5
375,0
375,2
375,4
375,5
376,0
376,1
376,3
376,4
377,0
377,2
377,3
377,5
377,6
378,1
378,3
378,4
379,0
379,1
379,3
379,5
380,0
380,2
380,3
381,0
381,1
381,3
381,5
381,6
382,1
382,2
382,4
383,1
383,2
383,4
384,0
384,2
384,3
385,1
385,3
385,4
385,6
386,0
386,2
386,4
386,5
387,1
387,2
387,4
388,0
388,2
388,4
389,0
389,2
389,3
389,5
390,1
390,2
390,4
390,5
391,1
391,2
391,4
392,1
392,2
392,4
393,0
393,2
393,4
393,5
394,1
394,2
395,0
395,2
395,3
396,0
396,1
396,3
396,4
396,6
397,1
397,2
397,4
397,5
398,0
398,2
398,3
398,5
399,0
399,2
399,3
399,5
400,0
400,1
400,3
400,4
401,0
401,2
401,3
401,5
401,6
401,8
402,0
402,2
402,4
403,0
403,2
403,3
404,0
404,2
404,3
404,5
404,6
405,1
405,3
405,4
405,6
406,0
406,2
406,3
406,5
407,0
407,1
407,3
407,4
408,1
408,3
408,4
409,0
409,1
409,3
409,4
410,1
410,3
410,4
411,1
411,2
411,4
411,6
412,0
412,2
412,3
412,5
413,0
413,2
413,4
414,0
414,2
414,3
414,5
415,1
415,2
415,4
415,5
416,0
416,1
416,3
416,5
417,0
417,2
417,3
417,5
418,0
418,1
418,3
418,4
419,0
419,2
419,3
419,5
419,6
420,1
420,2
420,4
420,6
420,7
421,0
421,1
421,3
422,0
422,1
422,3
422,4
422,6
423,0
423,2
423,4
423,5
424,1
424,2
424,4
425,1
425,2
425,4
426,0
426,2
426,3
426,5
426,7
427,0
427,2
427,3
428,1
428,3
428,4
429,1
429,2
429,4
430,1
430,2
430,4
430,5
431,0
431,1
431,3
432,0
432,1
432,3
432,4
433,1
433,3
433,4
434,1
434,2
434,4
434,5
434,7
435,1
435,2
435,4
436,0
436,2
436,4
436,5
437,1
437,2
437,4
438,0
438,2
438,4
438,5
440,1
440,2
440,4
440,6
440,7
440,9
441,0
441,2
441,3
442,1
442,3
443,0
443,2
443,3
444,1
444,3
445,0
445,2
445,3
446,1
446,3
447,0
447,2
447,3
448,1
448,2
449,0
449,2
449,3
450,1
450,2
451,0
451,2
451,3
452,1
452,2
452,4
452,5
453,0
453,2
453,3
454,0
454,1
454,3
454,5
454,6
454,8
454,9
454,11
455,0
455,2
455,4
455,5
456,0
456,1
456,3
456,5
456,6
457,1
457,2
457,4
458,1
458,2
458,4
458,5
459,1
459,2
459,4
459,6
460,0
460,2
460,3
460,5
461,1
461,2
461,4
461,5
462,1
462,2
462,4
463,1
463,2
463,4
463,5
464,1
464,3
465,0
465,2
465,3
465,5
465,6
466,0
466,2
466,3
467,1
467,2
468,0
468,2
468,3
468,5
468,6
469,1
469,3
469,4
469,6
470,0
470,2
470,3
471,0
471,2
471,3
471,5
471,6
472,0
472,2
472,3
473,1
473,2
473,4
474,0
474,2
474,4
474,5
475,0
475,1
475,3
475,5
475,6
476,1
476,2
476,4
476,5
477,0
477,2
477,3
478,0
478,1
478,3
478,5
479,0
479,2
479,3
479,5
480,0
480,2
480,4
480,5
481,1
481,2
481,4
481,6
482,0
482,2
482,3
483,0
483,2
483,3
483,5
484,0
484,2
484,3
484,5
484,7
485,0
485,2
485,3
485,5
486,1
486,2
486,4
486,5
487,1
487,2
488,0
488,2
488,3
488,5
489,0
489,2
489,4
490,0
490,2
490,3
490,5
491,0
491,2
491,4
491,5
492,1
492,2
492,4
493,0
493,1
493,3
493,4
494,0
494,2
494,3
494,5
495,0
495,2
495,3
496,0
496,2
496,3
496,5
497,0
497,2
497,4
497,5
498,1
498,2
498,4
498,5
499,1
499,3
499,4
500,1
500,2
501,0
501,2
501,3
501,5
501,6
502,0
502,1
502,3
503,0
503,1
503,3
503,4
504,1
504,3
504,4
505,1
505,2
505,4
506,0
506,2
506,4
506,5
507,1
507,2
507,4
508,1
508,2
508,4
509,0
509,2
509,4
510,0
510,2
510,3
511,0
511,1
511,3
512,0
512,1
512,3
512,4
513,1
513,3
513,4
513,6
513,7
513,9
513,10
514,1
514,3
514,4
514,2
513,11
513,8
513,5
513,2
513,0
512,2
511,4
511,2
510,4
510,1
509,3
509,1
508,3
508,0
507,3
507,0
506,3
506,1
505,3
505,0
504,2
504,0
503,2
502,4
502,2
501,7
501,4
501,1
500,3
500,0
499,2
499,0
498,3
498,0
497,3
497,1
496,4
496,1
495,4
495,1
494,4
494,1
493,5
493,2
492,5
492,3
492,0
491,3
491,1
490,4
490,1
489,3
489,1
488,4
488,1
487,3
487,0
486,3
486,0
485,4
485,1
484,6
484,4
484,1
483,4
483,1
482,4
482,1
481,5
481,3
481,0
480,3
480,1
479,4
479,1
478,4
478,2
477,4
477,1
476,6
476,3
476,0
475,4
475,2
474,6
474,3
474,1
473,3
473,0
472,1
471,7
471,4
471,1
470,4
470,1
469,5
469,2
469,0
468,4
468,1
467,3
467,0
466,1
465,7
465,4
465,1
464,2
464,0
463,3
463,0
462,3
462,0
461,3
461,0
460,4
460,1
459,5
459,3
459,0
458,3
458,0
457,3
457,0
456,4
456,2
455,6
455,3
455,1
454,10
454,7
454,4
454,2
453,4
453,1
452,6
452,3
452,0
451,1
450,3
450,0
449,1
448,3
448,0
447,1
446,2
446,0
445,1
444,2
444,0
443,1
442,2
442,0
441,1
440,8
440,5
440,3
440,0
438,3
438,1
437,3
437,0
436,3
436,1
435,3
435,0
434,6
434,3
434,0
433,2
433,0
432,2
431,4
431,2
430,6
430,3
430,0
429,3
429,0
428,2
428,0
427,1
426,6
426,4
426,1
425,3
425,0
424,3
424,0
423,3
423,1
422,5
422,2
421,4
421,2
420,8
420,5
420,3
420,0
419,4
419,1
418,5
418,2
417,6
417,4
417,1
416,4
416,2
415,6
415,3
415,0
414,4
414,1
413,3
413,1
412,4
412,1
411,5
411,3
411,0
410,2
410,0
409,2
408,5
408,2
408,0
407,2
406,6
406,4
406,1
405,5
405,2
405,0
404,4
404,1
403,4
403,1
402,3
402,1
401,7
401,4
401,1
400,5
400,2
399,6
399,4
399,1
398,4
398,1
397,6
397,3
397,0
396,5
396,2
395,4
395,1
394,3
394,0
393,3
393,1
392,3
392,0
391,3
391,0
390,3
390,0
389,4
389,1
388,3
388,1
387,3
387,0
386,3
386,1
385,5
385,2
385,0
384,1
383,3
383,0
382,3
382,0
381,4
381,2
380,4
380,1
379,4
379,2
378,5
378,2
378,0
377,4
377,1
376,5
376,2
375,6
375,3
375,1
374,4
374,1
373,6
373,3
373,0
372,3
372,1
371,3
371,0
370,3
370,0
369,2
368,5
368,3
368,0
367,2
367,0
366,2
365,5
365,3
365,0
364,6
364,3
364,1
363,5
363,2
363,0
362,2
361,5
361,2
361,0
360,4
360,1
359,5
359,2
358,4
358,1
357,4
357,1
356,4
356,2
355,5
355,2
355,0
354,1
353,2
352,5
352,2
351,2
350,4
350,1
349,1
348,1
347,4
347,0
346,3
345,4
345,1
344,2
343,5
343,1
342,3
341,4
340,4
340,1
339,1
338,1
337,2
336,8
336,3
335,4
335,1
334,0
333,1
332,3
331,3
330,5
330,1
329,2
328,5
328,0
327,5
327,0
326,0
325,3
325,0
324,3
323,5
323,2
322,4
321,9
321,4
321,1
320,4
320,0
319,2
318,2
317,3
317,0
316,2
315,4
315,0
314,2
313,5
313,0
312,3
311,3
310,3
309,4
309,1
308,3
307,4
307,1
306,1
305,3
304,3
304,0
303,0
302,5
302,1
301,5
301,0
300,3
300,0
299,0
298,1
297,2
296,6
296,1
295,7
295,2
294,1
293,3
293,0
292,2
291,4
291,1
290,4
289,7
289,2
288,8
288,3
287,5
287,1
286,2
285,2
284,2
283,4
282,5
282,0
281,2
280,4
279,4
279,1
278,1
277,1
276,1
275,3
274,3
273,4
273,1
272,1
271,1
270,1
269,3
268,3
267,4
267,0
266,3
265,3
264,3
264,0
263,0
262,1
261,2
260,3
259,2
258,1
257,5
257,0
255,4
255,1
254,1
253,1
252,4
252,0
251,1
250,1
249,3
248,4
248,0
247,2
246,3
245,3
244,3
244,0
242,7
242,2
241,6
241,2
240,5
240,0
239,4
238,6
238,1
237,5
237,0
236,1
235,5
235,1
234,1
233,1
232,7
232,2
231,3
230,5
230,1
229,2
228,3
228,0
227,0
226,5
226,2
225,3
224,5
224,0
223,4
222,5
222,0
221,4
220,5
220,1
219,4
219,0
218,2
217,6
217,4
217,1
216,4
216,2
215,5
215,1
214,5
214,3
213,5
213,0
212,4
212,0
211,2
210,4
210,1
209,2
208,0
197,0
194,6
186,86
186,83
186,81
186,78
186,75
186,73
186,70
186,67
186,50
186,40
186,33
186,14
186,12
186,9
186,6
186,4
186,0
185,4
184,4
184,0
167,3
166,0
159,0
157,3
155,0
153,3
151,7
150,15
150,12
150,10
150,7
150,3
147,6
147,0
146,5
146,2
145,4
141,3
139,0
138,8
138,0
136,3
131,0
129,4
126,3
125,3
123,6
123,0
121,0
109,0
108,5
108,0
85,3
84,4
75,4
74,3
73,0
72,3
71,4
70,41
70,39
70,36
70,33
70,31
70,27
70,24
70,19
70,16
70,11
70,8
70,5
70,0
69,6
64,12
64,10
64,7
64,4
64,0
62,4
62,0
61,0
52,3
50,4
49,5
49,3
48,18
48,15
48,13
48,10
48,7
48,4
48,2
47,7
47,4
47,2
46,3
45,3
44,4
44,0
43,0
42,4
42,0
41,5
41,0
40,3
38,5
37,3
36,3
35,7
35,3
34,5
